Patch 
83.6175
22.0001
7.75751
22.0001
Superpoint 
1 0.0050803 5 7.75751
1 0.0053096 5 9.33957
1 0.041649 5 10.3249
1 0.0292385 5 10.6578
1 0.0191567 5 12.0573
1 0.0318068 5 12.687
1 0.0284199 5 13.0042
1 0.0245342 5 13.4613
1 0.00624453 5 13.8115
1 0.00249086 5 13.8798
1 0.0243615 5 13.9998
1 0.0246434 5 15.213
1 0.0235454 5 16.015
1 0.0369933 5 16.8733
1 0.0201349 5 21.2824
1 0.00299837 5 22.0001
Superpoint 
2 0.018703 10 -2.09187
2 0.00366631 10 -1.80175
2 0.00914996 10 1.08773
2 0.0391717 10 2.28522
2 0.0304886 10 3.42726
2 0.00583223 10 7.53595
2 0.0106065 10 8.492
2 0.0191701 10 8.82015
2 0.00169459 10 8.99001
2 0.0232751 10 9.52947
2 0.00592726 10 13.0028
2 0.0343102 10 16.4208
2 0.00641221 10 20.863
2 0.0389076 10 22.8655
2 0.0444117 10 27.9677
2 0.000429924 10 29.0001
Superpoint 
3 0.0394124 15 5.5477
3 0.0379994 15 8.08541
3 0.0366407 15 12.4944
3 0.0174839 15 17.9387
3 0.0090352 15 21.2809
3 0.00602257 15 23.4641
3 0.0308024 15 24.3188
3 0.0055532 15 24.8976
3 0.00885277 15 28.0846
3 0.0480208 15 29.8702
3 0.0456158 15 31.6089
3 0.0485274 15 31.6517
3 0.0467 15 34.2818
3 0.0221628 15 34.8173
3 0.0391119 15 35.7869
3 0.0213551 15 36.0001
Superpoint 
4 0.0258692 20 18.3618
4 0.0170274 20 20.496
4 0.0359977 20 22.7476
4 0.00514803 20 25.2604
4 0.0257781 20 28.9868
4 0.0282236 20 30.2763
4 0.00497444 20 31.3355
4 0.0204883 20 31.986
4 0.0242968 20 33.7972
4 0.0237089 20 37.3688
4 0.0207082 20 39.0345
4 0.0290615 20 39.0966
4 0.00755828 20 40.2413
4 0.0436402 20 42.1412
4 0.0116489 20 42.4328
4 0.0281846 20 43.0001
Superpoint 
5 0.0173302 25 -20.8228
5 0.00350396 25 -19.2292
5 0.0445251 25 -18.1842
5 0.00377972 25 -17.0298
5 0.0275266 25 -12.5635
5 0.0270547 25 -4.52977
5 0.0333612 25 -2.07641
5 0.0427013 25 4.85267
5 0.0106922 25 8.95627
5 0.00265771 25 16.7596
5 0.0169163 25 21.0135
5 0.0443757 25 35.2649
5 0.0250678 25 40.4051
5 0.019015 25 45.2831
5 0.0445203 25 45.9291
5 0.0376712 25 50.0001
Patch 
7.75751
22.0001
7.75751
-76.5528
Superpoint 
1 0.0050803 5 7.75751
1 0.0053096 5 9.33957
1 0.041649 5 10.3249
1 0.0292385 5 10.6578
1 0.0191567 5 12.0573
1 0.0318068 5 12.687
1 0.0284199 5 13.0042
1 0.0245342 5 13.4613
1 0.00624453 5 13.8115
1 0.00249086 5 13.8798
1 0.0243615 5 13.9998
1 0.0246434 5 15.213
1 0.0235454 5 16.015
1 0.0369933 5 16.8733
1 0.0201349 5 21.2824
1 0.00299837 5 22.0001
Superpoint 
2 0.018703 10 -2.09187
2 0.00366631 10 -1.80175
2 0.00914996 10 1.08773
2 0.0391717 10 2.28522
2 0.0304886 10 3.42726
2 0.00583223 10 7.53595
2 0.0106065 10 8.492
2 0.0191701 10 8.82015
2 0.00169459 10 8.99001
2 0.0232751 10 9.52947
2 0.00592726 10 13.0028
2 0.0343102 10 16.4208
2 0.00641221 10 20.863
2 0.0389076 10 22.8655
2 0.0444117 10 27.9677
2 0.000429924 10 29.0001
Superpoint 
3 0.0346852 15 1.31461
3 0.0103831 15 3.7657
3 0.0394124 15 5.5477
3 0.0379994 15 8.08541
3 0.0366407 15 12.4944
3 0.0174839 15 17.9387
3 0.0090352 15 21.2809
3 0.00602257 15 23.4641
3 0.0308024 15 24.3188
3 0.0055532 15 24.8976
3 0.00885277 15 28.0846
3 0.0480208 15 29.8702
3 0.0456158 15 31.6089
3 0.0485274 15 31.6517
3 0.0467 15 34.2818
3 0.0221628 15 34.8173
Superpoint 
4 0.0377234 20 -0.603195
4 0.0441552 20 -0.558342
4 0.0210273 20 0.645253
4 0.0202663 20 1.17176
4 0.0258491 20 1.45511
4 0.0433398 20 1.94513
4 0.0218682 20 4.22212
4 0.0164547 20 4.87927
4 0.0307497 20 5.43672
4 0.0418862 20 7.56915
4 0.01713 20 9.22595
4 0.0405556 20 9.88822
4 0.0124309 20 12.9695
4 0.0108784 20 16.1959
4 0.0189097 20 17.3537
4 0.0258692 20 18.3618
Superpoint 
5 0.0173302 25 -20.8228
5 0.00350396 25 -19.2292
5 0.0445251 25 -18.1842
5 0.00377972 25 -17.0298
5 0.0275266 25 -12.5635
5 0.0270547 25 -4.52977
5 0.0333612 25 -2.07641
5 0.0427013 25 4.85267
5 0.0106922 25 8.95627
5 0.00265771 25 16.7596
5 0.0169163 25 21.0135
5 0.0443757 25 35.2649
5 0.0250678 25 40.4051
5 0.019015 25 45.2831
5 0.0445203 25 45.9291
5 0.0376712 25 50.0001
Patch 
0
0
0
0
Superpoint 
1 0.0050803 5 7.75751
1 0.0053096 5 9.33957
1 0.041649 5 10.3249
1 0.0292385 5 10.6578
1 0.0191567 5 12.0573
1 0.0318068 5 12.687
1 0.0284199 5 13.0042
1 0.0245342 5 13.4613
1 0.00624453 5 13.8115
1 0.00249086 5 13.8798
1 0.0243615 5 13.9998
1 0.0246434 5 15.213
1 0.0235454 5 16.015
1 0.0369933 5 16.8733
1 0.0201349 5 21.2824
1 0.00299837 5 22.0001
Superpoint 
2 0.0227931 10 -6.32005
2 0.000644325 10 -4.5292
2 0.00898927 10 -2.98854
2 0.00528115 10 -2.26729
2 0.018703 10 -2.09187
2 0.00366631 10 -1.80175
2 0.00914996 10 1.08773
2 0.0391717 10 2.28522
2 0.0304886 10 3.42726
2 0.00583223 10 7.53595
2 0.0106065 10 8.492
2 0.0191701 10 8.82015
2 0.00169459 10 8.99001
2 0.0232751 10 9.52947
2 0.00592726 10 13.0028
2 0.0343102 10 16.4208
Superpoint 
3 0.02257 15 -23.9513
3 0.0271783 15 -19.8284
3 0.0233874 15 -18.8806
3 0.0178622 15 -15.0873
3 0.00885546 15 -12.1296
3 0.0347563 15 -10.4667
3 0.0386118 15 -4.56536
3 0.00275643 15 -2.53849
3 0.0338622 15 -1.38057
3 0.0203082 15 -0.393909
3 0.0372757 15 0.161288
3 0.0346852 15 1.31461
3 0.0103831 15 3.7657
3 0.0394124 15 5.5477
3 0.0379994 15 8.08541
3 0.0366407 15 12.4944
Superpoint 
4 0.0406554 20 -19.1668
4 0.00933946 20 -18.9576
4 0.0105081 20 -18.506
4 0.0117849 20 -13.7995
4 0.0145778 20 -7.88419
4 0.00475321 20 -7.36189
4 0.0149577 20 -7.33486
4 0.0456475 20 -3.31244
4 0.039435 20 -2.06846
4 0.0377234 20 -0.603195
4 0.0441552 20 -0.558342
4 0.0210273 20 0.645253
4 0.0202663 20 1.17176
4 0.0258491 20 1.45511
4 0.0433398 20 1.94513
4 0.0218682 20 4.22212
Superpoint 
5 0.0443288 25 -38.2227
5 0.0144329 25 -37.2747
5 0.0408174 25 -35.452
5 0.0207976 25 -33.2161
5 0.038112 25 -30.524
5 0.0128145 25 -29.007
5 0.0280713 25 -28.5596
5 0.0344159 25 -25.987
5 0.041809 25 -21.7791
5 0.0173302 25 -20.8228
5 0.00350396 25 -19.2292
5 0.0445251 25 -18.1842
5 0.00377972 25 -17.0298
5 0.0275266 25 -12.5635
5 0.0270547 25 -4.52977
5 0.0333612 25 -2.07641
Patch 
78.5293
7.75751
-2.68818
7.75751
Superpoint 
1 0.0411126 5 -2.68818
1 0.00639453 5 -0.886969
1 0.00223901 5 0.043533
1 0.0185317 5 0.207336
1 0.0297447 5 1.34296
1 0.0183641 5 1.389
1 0.0471045 5 2.20332
1 0.0162076 5 2.39701
1 0.0416276 5 4.884
1 0.0482259 5 5.79713
1 0.0155704 5 6.0867
1 0.0458645 5 6.26748
1 0.00495319 5 7.11
1 0.00318099 5 7.44698
1 0.00539872 5 7.62079
1 0.0050803 5 7.75751
Superpoint 
2 0.000644325 10 -4.5292
2 0.00898927 10 -2.98854
2 0.00528115 10 -2.26729
2 0.018703 10 -2.09187
2 0.00366631 10 -1.80175
2 0.00914996 10 1.08773
2 0.0391717 10 2.28522
2 0.0304886 10 3.42726
2 0.00583223 10 7.53595
2 0.0106065 10 8.492
2 0.0191701 10 8.82015
2 0.00169459 10 8.99001
2 0.0232751 10 9.52947
2 0.00592726 10 13.0028
2 0.0343102 10 16.4208
2 0.00641221 10 20.863
Superpoint 
3 0.00275643 15 -2.53849
3 0.0338622 15 -1.38057
3 0.0203082 15 -0.393909
3 0.0372757 15 0.161288
3 0.0346852 15 1.31461
3 0.0103831 15 3.7657
3 0.0394124 15 5.5477
3 0.0379994 15 8.08541
3 0.0366407 15 12.4944
3 0.0174839 15 17.9387
3 0.0090352 15 21.2809
3 0.00602257 15 23.4641
3 0.0308024 15 24.3188
3 0.0055532 15 24.8976
3 0.00885277 15 28.0846
3 0.0480208 15 29.8702
Superpoint 
4 0.0124309 20 12.9695
4 0.0108784 20 16.1959
4 0.0189097 20 17.3537
4 0.0258692 20 18.3618
4 0.0170274 20 20.496
4 0.0359977 20 22.7476
4 0.00514803 20 25.2604
4 0.0257781 20 28.9868
4 0.0282236 20 30.2763
4 0.00497444 20 31.3355
4 0.0204883 20 31.986
4 0.0242968 20 33.7972
4 0.0237089 20 37.3688
4 0.0207082 20 39.0345
4 0.0290615 20 39.0966
4 0.00755828 20 40.2413
Superpoint 
5 0.0173302 25 -20.8228
5 0.00350396 25 -19.2292
5 0.0445251 25 -18.1842
5 0.00377972 25 -17.0298
5 0.0275266 25 -12.5635
5 0.0270547 25 -4.52977
5 0.0333612 25 -2.07641
5 0.0427013 25 4.85267
5 0.0106922 25 8.95627
5 0.00265771 25 16.7596
5 0.0169163 25 21.0135
5 0.0443757 25 35.2649
5 0.0250678 25 40.4051
5 0.019015 25 45.2831
5 0.0445203 25 45.9291
5 0.0376712 25 50.0001
Patch 
-2.68818
7.75751
-2.68818
-98.122
Superpoint 
1 0.0411126 5 -2.68818
1 0.00639453 5 -0.886969
1 0.00223901 5 0.043533
1 0.0185317 5 0.207336
1 0.0297447 5 1.34296
1 0.0183641 5 1.389
1 0.0471045 5 2.20332
1 0.0162076 5 2.39701
1 0.0416276 5 4.884
1 0.0482259 5 5.79713
1 0.0155704 5 6.0867
1 0.0458645 5 6.26748
1 0.00495319 5 7.11
1 0.00318099 5 7.44698
1 0.00539872 5 7.62079
1 0.0050803 5 7.75751
Superpoint 
2 0.000644325 10 -4.5292
2 0.00898927 10 -2.98854
2 0.00528115 10 -2.26729
2 0.018703 10 -2.09187
2 0.00366631 10 -1.80175
2 0.00914996 10 1.08773
2 0.0391717 10 2.28522
2 0.0304886 10 3.42726
2 0.00583223 10 7.53595
2 0.0106065 10 8.492
2 0.0191701 10 8.82015
2 0.00169459 10 8.99001
2 0.0232751 10 9.52947
2 0.00592726 10 13.0028
2 0.0343102 10 16.4208
2 0.00641221 10 20.863
Superpoint 
3 0.0347563 15 -10.4667
3 0.0386118 15 -4.56536
3 0.00275643 15 -2.53849
3 0.0338622 15 -1.38057
3 0.0203082 15 -0.393909
3 0.0372757 15 0.161288
3 0.0346852 15 1.31461
3 0.0103831 15 3.7657
3 0.0394124 15 5.5477
3 0.0379994 15 8.08541
3 0.0366407 15 12.4944
3 0.0174839 15 17.9387
3 0.0090352 15 21.2809
3 0.00602257 15 23.4641
3 0.0308024 15 24.3188
3 0.0055532 15 24.8976
Superpoint 
4 0.0149577 20 -7.33486
4 0.0456475 20 -3.31244
4 0.039435 20 -2.06846
4 0.0377234 20 -0.603195
4 0.0441552 20 -0.558342
4 0.0210273 20 0.645253
4 0.0202663 20 1.17176
4 0.0258491 20 1.45511
4 0.0433398 20 1.94513
4 0.0218682 20 4.22212
4 0.0164547 20 4.87927
4 0.0307497 20 5.43672
4 0.0418862 20 7.56915
4 0.01713 20 9.22595
4 0.0405556 20 9.88822
4 0.0124309 20 12.9695
Superpoint 
5 0.0173302 25 -20.8228
5 0.00350396 25 -19.2292
5 0.0445251 25 -18.1842
5 0.00377972 25 -17.0298
5 0.0275266 25 -12.5635
5 0.0270547 25 -4.52977
5 0.0333612 25 -2.07641
5 0.0427013 25 4.85267
5 0.0106922 25 8.95627
5 0.00265771 25 16.7596
5 0.0169163 25 21.0135
5 0.0443757 25 35.2649
5 0.0250678 25 40.4051
5 0.019015 25 45.2831
5 0.0445203 25 45.9291
5 0.0376712 25 50.0001
Patch 
0
0
0
0
Superpoint 
1 0.0411126 5 -2.68818
1 0.00639453 5 -0.886969
1 0.00223901 5 0.043533
1 0.0185317 5 0.207336
1 0.0297447 5 1.34296
1 0.0183641 5 1.389
1 0.0471045 5 2.20332
1 0.0162076 5 2.39701
1 0.0416276 5 4.884
1 0.0482259 5 5.79713
1 0.0155704 5 6.0867
1 0.0458645 5 6.26748
1 0.00495319 5 7.11
1 0.00318099 5 7.44698
1 0.00539872 5 7.62079
1 0.0050803 5 7.75751
Superpoint 
2 0.0195284 10 -16.5424
2 0.00645802 10 -15.9853
2 0.0288583 10 -15.1618
2 0.0273425 10 -14.6153
2 0.00227054 10 -12.2356
2 0.0441437 10 -8.02683
2 0.0227931 10 -6.32005
2 0.000644325 10 -4.5292
2 0.00898927 10 -2.98854
2 0.00528115 10 -2.26729
2 0.018703 10 -2.09187
2 0.00366631 10 -1.80175
2 0.00914996 10 1.08773
2 0.0391717 10 2.28522
2 0.0304886 10 3.42726
2 0.00583223 10 7.53595
Superpoint 
3 0.0213551 15 -36.0001
3 0.0413075 15 -31.1575
3 0.0184606 15 -30.5511
3 0.00272261 15 -26.8942
3 0.0298927 15 -24.8482
3 0.02257 15 -23.9513
3 0.0271783 15 -19.8284
3 0.0233874 15 -18.8806
3 0.0178622 15 -15.0873
3 0.00885546 15 -12.1296
3 0.0347563 15 -10.4667
3 0.0386118 15 -4.56536
3 0.00275643 15 -2.53849
3 0.0338622 15 -1.38057
3 0.0203082 15 -0.393909
3 0.0372757 15 0.161288
Superpoint 
4 0.0426059 20 -37.3143
4 0.0422604 20 -36.9332
4 0.0300896 20 -34.5884
4 0.00334036 20 -34.1793
4 0.00816774 20 -30.3962
4 0.0276076 20 -28.9372
4 0.0233458 20 -22.3178
4 0.00482298 20 -20.7579
4 0.0406554 20 -19.1668
4 0.00933946 20 -18.9576
4 0.0105081 20 -18.506
4 0.0117849 20 -13.7995
4 0.0145778 20 -7.88419
4 0.00475321 20 -7.36189
4 0.0149577 20 -7.33486
4 0.0456475 20 -3.31244
Superpoint 
5 0.0255257 25 -39.8366
5 0.0443288 25 -38.2227
5 0.0144329 25 -37.2747
5 0.0408174 25 -35.452
5 0.0207976 25 -33.2161
5 0.038112 25 -30.524
5 0.0128145 25 -29.007
5 0.0280713 25 -28.5596
5 0.0344159 25 -25.987
5 0.041809 25 -21.7791
5 0.0173302 25 -20.8228
5 0.00350396 25 -19.2292
5 0.0445251 25 -18.1842
5 0.00377972 25 -17.0298
5 0.0275266 25 -12.5635
5 0.0270547 25 -4.52977
Patch 
0
0
0
0
Superpoint 
1 0.0411126 5 -2.68818
1 0.00639453 5 -0.886969
1 0.00223901 5 0.043533
1 0.0185317 5 0.207336
1 0.0297447 5 1.34296
1 0.0183641 5 1.389
1 0.0471045 5 2.20332
1 0.0162076 5 2.39701
1 0.0416276 5 4.884
1 0.0482259 5 5.79713
1 0.0155704 5 6.0867
1 0.0458645 5 6.26748
1 0.00495319 5 7.11
1 0.00318099 5 7.44698
1 0.00539872 5 7.62079
1 0.0050803 5 7.75751
Superpoint 
2 0.0188209 10 -28.3644
2 0.0359103 10 -26.7947
2 0.027581 10 -26.3994
2 0.0262411 10 -26.0953
2 0.038594 10 -23.9491
2 0.0349727 10 -23.2679
2 0.0168195 10 -18.7752
2 0.0195284 10 -16.5424
2 0.00645802 10 -15.9853
2 0.0288583 10 -15.1618
2 0.0273425 10 -14.6153
2 0.00227054 10 -12.2356
2 0.0441437 10 -8.02683
2 0.0227931 10 -6.32005
2 0.000644325 10 -4.5292
2 0.00898927 10 -2.98854
Superpoint 
3 0.0213551 15 -36.0001
3 0.0413075 15 -31.1575
3 0.0184606 15 -30.5511
3 0.00272261 15 -26.8942
3 0.0298927 15 -24.8482
3 0.02257 15 -23.9513
3 0.0271783 15 -19.8284
3 0.0233874 15 -18.8806
3 0.0178622 15 -15.0873
3 0.00885546 15 -12.1296
3 0.0347563 15 -10.4667
3 0.0386118 15 -4.56536
3 0.00275643 15 -2.53849
3 0.0338622 15 -1.38057
3 0.0203082 15 -0.393909
3 0.0372757 15 0.161288
Superpoint 
4 0.0281846 20 -43.0001
4 0.0139072 20 -39.6463
4 0.0426059 20 -37.3143
4 0.0422604 20 -36.9332
4 0.0300896 20 -34.5884
4 0.00334036 20 -34.1793
4 0.00816774 20 -30.3962
4 0.0276076 20 -28.9372
4 0.0233458 20 -22.3178
4 0.00482298 20 -20.7579
4 0.0406554 20 -19.1668
4 0.00933946 20 -18.9576
4 0.0105081 20 -18.506
4 0.0117849 20 -13.7995
4 0.0145778 20 -7.88419
4 0.00475321 20 -7.36189
Superpoint 
5 0.0376712 25 -50.0001
5 0.0255257 25 -39.8366
5 0.0443288 25 -38.2227
5 0.0144329 25 -37.2747
5 0.0408174 25 -35.452
5 0.0207976 25 -33.2161
5 0.038112 25 -30.524
5 0.0128145 25 -29.007
5 0.0280713 25 -28.5596
5 0.0344159 25 -25.987
5 0.041809 25 -21.7791
5 0.0173302 25 -20.8228
5 0.00350396 25 -19.2292
5 0.0445251 25 -18.1842
5 0.00377972 25 -17.0298
5 0.0275266 25 -12.5635
Patch 
67.9671
-2.68818
-8.5164
-2.68818
Superpoint 
1 0.0290314 5 -8.5164
1 0.0398526 5 -7.45709
1 0.020373 5 -7.43516
1 0.0271447 5 -6.6585
1 0.0246174 5 -6.47755
1 0.035735 5 -6.43335
1 0.000802021 5 -6.33322
1 0.0186168 5 -6.00609
1 0.0264397 5 -5.46737
1 0.0221598 5 -4.59562
1 0.0332436 5 -4.26584
1 0.021277 5 -3.99981
1 0.0173608 5 -3.57422
1 0.0331821 5 -3.53626
1 0.0110145 5 -2.74787
1 0.0411126 5 -2.68818
Superpoint 
2 0.0441437 10 -8.02683
2 0.0227931 10 -6.32005
2 0.000644325 10 -4.5292
2 0.00898927 10 -2.98854
2 0.00528115 10 -2.26729
2 0.018703 10 -2.09187
2 0.00366631 10 -1.80175
2 0.00914996 10 1.08773
2 0.0391717 10 2.28522
2 0.0304886 10 3.42726
2 0.00583223 10 7.53595
2 0.0106065 10 8.492
2 0.0191701 10 8.82015
2 0.00169459 10 8.99001
2 0.0232751 10 9.52947
2 0.00592726 10 13.0028
Superpoint 
3 0.0178622 15 -15.0873
3 0.00885546 15 -12.1296
3 0.0347563 15 -10.4667
3 0.0386118 15 -4.56536
3 0.00275643 15 -2.53849
3 0.0338622 15 -1.38057
3 0.0203082 15 -0.393909
3 0.0372757 15 0.161288
3 0.0346852 15 1.31461
3 0.0103831 15 3.7657
3 0.0394124 15 5.5477
3 0.0379994 15 8.08541
3 0.0366407 15 12.4944
3 0.0174839 15 17.9387
3 0.0090352 15 21.2809
3 0.00602257 15 23.4641
Superpoint 
4 0.0418862 20 7.56915
4 0.01713 20 9.22595
4 0.0405556 20 9.88822
4 0.0124309 20 12.9695
4 0.0108784 20 16.1959
4 0.0189097 20 17.3537
4 0.0258692 20 18.3618
4 0.0170274 20 20.496
4 0.0359977 20 22.7476
4 0.00514803 20 25.2604
4 0.0257781 20 28.9868
4 0.0282236 20 30.2763
4 0.00497444 20 31.3355
4 0.0204883 20 31.986
4 0.0242968 20 33.7972
4 0.0237089 20 37.3688
Superpoint 
5 0.0173302 25 -20.8228
5 0.00350396 25 -19.2292
5 0.0445251 25 -18.1842
5 0.00377972 25 -17.0298
5 0.0275266 25 -12.5635
5 0.0270547 25 -4.52977
5 0.0333612 25 -2.07641
5 0.0427013 25 4.85267
5 0.0106922 25 8.95627
5 0.00265771 25 16.7596
5 0.0169163 25 21.0135
5 0.0443757 25 35.2649
5 0.0250678 25 40.4051
5 0.019015 25 45.2831
5 0.0445203 25 45.9291
5 0.0376712 25 50.0001
Patch 
-8.5164
-2.68818
-8.5164
-109.401
Superpoint 
1 0.0290314 5 -8.5164
1 0.0398526 5 -7.45709
1 0.020373 5 -7.43516
1 0.0271447 5 -6.6585
1 0.0246174 5 -6.47755
1 0.035735 5 -6.43335
1 0.000802021 5 -6.33322
1 0.0186168 5 -6.00609
1 0.0264397 5 -5.46737
1 0.0221598 5 -4.59562
1 0.0332436 5 -4.26584
1 0.021277 5 -3.99981
1 0.0173608 5 -3.57422
1 0.0331821 5 -3.53626
1 0.0110145 5 -2.74787
1 0.0411126 5 -2.68818
Superpoint 
2 0.00227054 10 -12.2356
2 0.0441437 10 -8.02683
2 0.0227931 10 -6.32005
2 0.000644325 10 -4.5292
2 0.00898927 10 -2.98854
2 0.00528115 10 -2.26729
2 0.018703 10 -2.09187
2 0.00366631 10 -1.80175
2 0.00914996 10 1.08773
2 0.0391717 10 2.28522
2 0.0304886 10 3.42726
2 0.00583223 10 7.53595
2 0.0106065 10 8.492
2 0.0191701 10 8.82015
2 0.00169459 10 8.99001
2 0.0232751 10 9.52947
Superpoint 
3 0.00885546 15 -12.1296
3 0.0347563 15 -10.4667
3 0.0386118 15 -4.56536
3 0.00275643 15 -2.53849
3 0.0338622 15 -1.38057
3 0.0203082 15 -0.393909
3 0.0372757 15 0.161288
3 0.0346852 15 1.31461
3 0.0103831 15 3.7657
3 0.0394124 15 5.5477
3 0.0379994 15 8.08541
3 0.0366407 15 12.4944
3 0.0174839 15 17.9387
3 0.0090352 15 21.2809
3 0.00602257 15 23.4641
3 0.0308024 15 24.3188
Superpoint 
4 0.0117849 20 -13.7995
4 0.0145778 20 -7.88419
4 0.00475321 20 -7.36189
4 0.0149577 20 -7.33486
4 0.0456475 20 -3.31244
4 0.039435 20 -2.06846
4 0.0377234 20 -0.603195
4 0.0441552 20 -0.558342
4 0.0210273 20 0.645253
4 0.0202663 20 1.17176
4 0.0258491 20 1.45511
4 0.0433398 20 1.94513
4 0.0218682 20 4.22212
4 0.0164547 20 4.87927
4 0.0307497 20 5.43672
4 0.0418862 20 7.56915
Superpoint 
5 0.0173302 25 -20.8228
5 0.00350396 25 -19.2292
5 0.0445251 25 -18.1842
5 0.00377972 25 -17.0298
5 0.0275266 25 -12.5635
5 0.0270547 25 -4.52977
5 0.0333612 25 -2.07641
5 0.0427013 25 4.85267
5 0.0106922 25 8.95627
5 0.00265771 25 16.7596
5 0.0169163 25 21.0135
5 0.0443757 25 35.2649
5 0.0250678 25 40.4051
5 0.019015 25 45.2831
5 0.0445203 25 45.9291
5 0.0376712 25 50.0001
Patch 
0
0
0
0
Superpoint 
1 0.0290314 5 -8.5164
1 0.0398526 5 -7.45709
1 0.020373 5 -7.43516
1 0.0271447 5 -6.6585
1 0.0246174 5 -6.47755
1 0.035735 5 -6.43335
1 0.000802021 5 -6.33322
1 0.0186168 5 -6.00609
1 0.0264397 5 -5.46737
1 0.0221598 5 -4.59562
1 0.0332436 5 -4.26584
1 0.021277 5 -3.99981
1 0.0173608 5 -3.57422
1 0.0331821 5 -3.53626
1 0.0110145 5 -2.74787
1 0.0411126 5 -2.68818
Superpoint 
2 0.000429924 10 -29.0001
2 0.0188209 10 -28.3644
2 0.0359103 10 -26.7947
2 0.027581 10 -26.3994
2 0.0262411 10 -26.0953
2 0.038594 10 -23.9491
2 0.0349727 10 -23.2679
2 0.0168195 10 -18.7752
2 0.0195284 10 -16.5424
2 0.00645802 10 -15.9853
2 0.0288583 10 -15.1618
2 0.0273425 10 -14.6153
2 0.00227054 10 -12.2356
2 0.0441437 10 -8.02683
2 0.0227931 10 -6.32005
2 0.000644325 10 -4.5292
Superpoint 
3 0.0213551 15 -36.0001
3 0.0413075 15 -31.1575
3 0.0184606 15 -30.5511
3 0.00272261 15 -26.8942
3 0.0298927 15 -24.8482
3 0.02257 15 -23.9513
3 0.0271783 15 -19.8284
3 0.0233874 15 -18.8806
3 0.0178622 15 -15.0873
3 0.00885546 15 -12.1296
3 0.0347563 15 -10.4667
3 0.0386118 15 -4.56536
3 0.00275643 15 -2.53849
3 0.0338622 15 -1.38057
3 0.0203082 15 -0.393909
3 0.0372757 15 0.161288
Superpoint 
4 0.0281846 20 -43.0001
4 0.0139072 20 -39.6463
4 0.0426059 20 -37.3143
4 0.0422604 20 -36.9332
4 0.0300896 20 -34.5884
4 0.00334036 20 -34.1793
4 0.00816774 20 -30.3962
4 0.0276076 20 -28.9372
4 0.0233458 20 -22.3178
4 0.00482298 20 -20.7579
4 0.0406554 20 -19.1668
4 0.00933946 20 -18.9576
4 0.0105081 20 -18.506
4 0.0117849 20 -13.7995
4 0.0145778 20 -7.88419
4 0.00475321 20 -7.36189
Superpoint 
5 0.0376712 25 -50.0001
5 0.0255257 25 -39.8366
5 0.0443288 25 -38.2227
5 0.0144329 25 -37.2747
5 0.0408174 25 -35.452
5 0.0207976 25 -33.2161
5 0.038112 25 -30.524
5 0.0128145 25 -29.007
5 0.0280713 25 -28.5596
5 0.0344159 25 -25.987
5 0.041809 25 -21.7791
5 0.0173302 25 -20.8228
5 0.00350396 25 -19.2292
5 0.0445251 25 -18.1842
5 0.00377972 25 -17.0298
5 0.0275266 25 -12.5635
Patch 
82.4847
-8.5164
-20.4507
-8.5164
Superpoint 
1 0.0252196 5 -20.4507
1 0.033651 5 -19.2399
1 0.0320703 5 -18.0206
1 0.0151049 5 -16.4951
1 0.00947167 5 -15.9531
1 0.045208 5 -15.8746
1 0.0328301 5 -15.8146
1 0.00079478 5 -14.7833
1 0.043444 5 -14.3321
1 0.0359494 5 -14.1717
1 0.00407679 5 -14.1255
1 0.0446834 5 -13.6652
1 0.0475091 5 -12.5105
1 0.0327952 5 -10.4655
1 0.0288483 5 -9.57456
1 0.0290314 5 -8.5164
Superpoint 
2 0.0262411 10 -26.0953
2 0.038594 10 -23.9491
2 0.0349727 10 -23.2679
2 0.0168195 10 -18.7752
2 0.0195284 10 -16.5424
2 0.00645802 10 -15.9853
2 0.0288583 10 -15.1618
2 0.0273425 10 -14.6153
2 0.00227054 10 -12.2356
2 0.0441437 10 -8.02683
2 0.0227931 10 -6.32005
2 0.000644325 10 -4.5292
2 0.00898927 10 -2.98854
2 0.00528115 10 -2.26729
2 0.018703 10 -2.09187
2 0.00366631 10 -1.80175
Superpoint 
3 0.00272261 15 -26.8942
3 0.0298927 15 -24.8482
3 0.02257 15 -23.9513
3 0.0271783 15 -19.8284
3 0.0233874 15 -18.8806
3 0.0178622 15 -15.0873
3 0.00885546 15 -12.1296
3 0.0347563 15 -10.4667
3 0.0386118 15 -4.56536
3 0.00275643 15 -2.53849
3 0.0338622 15 -1.38057
3 0.0203082 15 -0.393909
3 0.0372757 15 0.161288
3 0.0346852 15 1.31461
3 0.0103831 15 3.7657
3 0.0394124 15 5.5477
Superpoint 
4 0.0149577 20 -7.33486
4 0.0456475 20 -3.31244
4 0.039435 20 -2.06846
4 0.0377234 20 -0.603195
4 0.0441552 20 -0.558342
4 0.0210273 20 0.645253
4 0.0202663 20 1.17176
4 0.0258491 20 1.45511
4 0.0433398 20 1.94513
4 0.0218682 20 4.22212
4 0.0164547 20 4.87927
4 0.0307497 20 5.43672
4 0.0418862 20 7.56915
4 0.01713 20 9.22595
4 0.0405556 20 9.88822
4 0.0124309 20 12.9695
Superpoint 
5 0.038112 25 -30.524
5 0.0128145 25 -29.007
5 0.0280713 25 -28.5596
5 0.0344159 25 -25.987
5 0.041809 25 -21.7791
5 0.0173302 25 -20.8228
5 0.00350396 25 -19.2292
5 0.0445251 25 -18.1842
5 0.00377972 25 -17.0298
5 0.0275266 25 -12.5635
5 0.0270547 25 -4.52977
5 0.0333612 25 -2.07641
5 0.0427013 25 4.85267
5 0.0106922 25 8.95627
5 0.00265771 25 16.7596
5 0.0169163 25 21.0135
Patch 
-20.4507
-8.5164
-20.4507
-54.4874
Superpoint 
1 0.0252196 5 -20.4507
1 0.033651 5 -19.2399
1 0.0320703 5 -18.0206
1 0.0151049 5 -16.4951
1 0.00947167 5 -15.9531
1 0.045208 5 -15.8746
1 0.0328301 5 -15.8146
1 0.00079478 5 -14.7833
1 0.043444 5 -14.3321
1 0.0359494 5 -14.1717
1 0.00407679 5 -14.1255
1 0.0446834 5 -13.6652
1 0.0475091 5 -12.5105
1 0.0327952 5 -10.4655
1 0.0288483 5 -9.57456
1 0.0290314 5 -8.5164
Superpoint 
2 0.0262411 10 -26.0953
2 0.038594 10 -23.9491
2 0.0349727 10 -23.2679
2 0.0168195 10 -18.7752
2 0.0195284 10 -16.5424
2 0.00645802 10 -15.9853
2 0.0288583 10 -15.1618
2 0.0273425 10 -14.6153
2 0.00227054 10 -12.2356
2 0.0441437 10 -8.02683
2 0.0227931 10 -6.32005
2 0.000644325 10 -4.5292
2 0.00898927 10 -2.98854
2 0.00528115 10 -2.26729
2 0.018703 10 -2.09187
2 0.00366631 10 -1.80175
Superpoint 
3 0.0184606 15 -30.5511
3 0.00272261 15 -26.8942
3 0.0298927 15 -24.8482
3 0.02257 15 -23.9513
3 0.0271783 15 -19.8284
3 0.0233874 15 -18.8806
3 0.0178622 15 -15.0873
3 0.00885546 15 -12.1296
3 0.0347563 15 -10.4667
3 0.0386118 15 -4.56536
3 0.00275643 15 -2.53849
3 0.0338622 15 -1.38057
3 0.0203082 15 -0.393909
3 0.0372757 15 0.161288
3 0.0346852 15 1.31461
3 0.0103831 15 3.7657
Superpoint 
4 0.00334036 20 -34.1793
4 0.00816774 20 -30.3962
4 0.0276076 20 -28.9372
4 0.0233458 20 -22.3178
4 0.00482298 20 -20.7579
4 0.0406554 20 -19.1668
4 0.00933946 20 -18.9576
4 0.0105081 20 -18.506
4 0.0117849 20 -13.7995
4 0.0145778 20 -7.88419
4 0.00475321 20 -7.36189
4 0.0149577 20 -7.33486
4 0.0456475 20 -3.31244
4 0.039435 20 -2.06846
4 0.0377234 20 -0.603195
4 0.0441552 20 -0.558342
Superpoint 
5 0.0144329 25 -37.2747
5 0.0408174 25 -35.452
5 0.0207976 25 -33.2161
5 0.038112 25 -30.524
5 0.0128145 25 -29.007
5 0.0280713 25 -28.5596
5 0.0344159 25 -25.987
5 0.041809 25 -21.7791
5 0.0173302 25 -20.8228
5 0.00350396 25 -19.2292
5 0.0445251 25 -18.1842
5 0.00377972 25 -17.0298
5 0.0275266 25 -12.5635
5 0.0270547 25 -4.52977
5 0.0333612 25 -2.07641
5 0.0427013 25 4.85267
Patch 
0
0
0
0
Superpoint 
1 0.0252196 5 -20.4507
1 0.033651 5 -19.2399
1 0.0320703 5 -18.0206
1 0.0151049 5 -16.4951
1 0.00947167 5 -15.9531
1 0.045208 5 -15.8746
1 0.0328301 5 -15.8146
1 0.00079478 5 -14.7833
1 0.043444 5 -14.3321
1 0.0359494 5 -14.1717
1 0.00407679 5 -14.1255
1 0.0446834 5 -13.6652
1 0.0475091 5 -12.5105
1 0.0327952 5 -10.4655
1 0.0288483 5 -9.57456
1 0.0290314 5 -8.5164
Superpoint 
2 0.000429924 10 -29.0001
2 0.0188209 10 -28.3644
2 0.0359103 10 -26.7947
2 0.027581 10 -26.3994
2 0.0262411 10 -26.0953
2 0.038594 10 -23.9491
2 0.0349727 10 -23.2679
2 0.0168195 10 -18.7752
2 0.0195284 10 -16.5424
2 0.00645802 10 -15.9853
2 0.0288583 10 -15.1618
2 0.0273425 10 -14.6153
2 0.00227054 10 -12.2356
2 0.0441437 10 -8.02683
2 0.0227931 10 -6.32005
2 0.000644325 10 -4.5292
Superpoint 
3 0.0213551 15 -36.0001
3 0.0413075 15 -31.1575
3 0.0184606 15 -30.5511
3 0.00272261 15 -26.8942
3 0.0298927 15 -24.8482
3 0.02257 15 -23.9513
3 0.0271783 15 -19.8284
3 0.0233874 15 -18.8806
3 0.0178622 15 -15.0873
3 0.00885546 15 -12.1296
3 0.0347563 15 -10.4667
3 0.0386118 15 -4.56536
3 0.00275643 15 -2.53849
3 0.0338622 15 -1.38057
3 0.0203082 15 -0.393909
3 0.0372757 15 0.161288
Superpoint 
4 0.0281846 20 -43.0001
4 0.0139072 20 -39.6463
4 0.0426059 20 -37.3143
4 0.0422604 20 -36.9332
4 0.0300896 20 -34.5884
4 0.00334036 20 -34.1793
4 0.00816774 20 -30.3962
4 0.0276076 20 -28.9372
4 0.0233458 20 -22.3178
4 0.00482298 20 -20.7579
4 0.0406554 20 -19.1668
4 0.00933946 20 -18.9576
4 0.0105081 20 -18.506
4 0.0117849 20 -13.7995
4 0.0145778 20 -7.88419
4 0.00475321 20 -7.36189
Superpoint 
5 0.0376712 25 -50.0001
5 0.0255257 25 -39.8366
5 0.0443288 25 -38.2227
5 0.0144329 25 -37.2747
5 0.0408174 25 -35.452
5 0.0207976 25 -33.2161
5 0.038112 25 -30.524
5 0.0128145 25 -29.007
5 0.0280713 25 -28.5596
5 0.0344159 25 -25.987
5 0.041809 25 -21.7791
5 0.0173302 25 -20.8228
5 0.00350396 25 -19.2292
5 0.0445251 25 -18.1842
5 0.00377972 25 -17.0298
5 0.0275266 25 -12.5635
Patch 
0
0
0
0
Superpoint 
1 0.00299837 5 -22.0001
1 0.0332637 5 -21.4869
1 0.0473994 5 -20.5678
1 0.0252196 5 -20.4507
1 0.033651 5 -19.2399
1 0.0320703 5 -18.0206
1 0.0151049 5 -16.4951
1 0.00947167 5 -15.9531
1 0.045208 5 -15.8746
1 0.0328301 5 -15.8146
1 0.00079478 5 -14.7833
1 0.043444 5 -14.3321
1 0.0359494 5 -14.1717
1 0.00407679 5 -14.1255
1 0.0446834 5 -13.6652
1 0.0475091 5 -12.5105
Superpoint 
2 0.000429924 10 -29.0001
2 0.0188209 10 -28.3644
2 0.0359103 10 -26.7947
2 0.027581 10 -26.3994
2 0.0262411 10 -26.0953
2 0.038594 10 -23.9491
2 0.0349727 10 -23.2679
2 0.0168195 10 -18.7752
2 0.0195284 10 -16.5424
2 0.00645802 10 -15.9853
2 0.0288583 10 -15.1618
2 0.0273425 10 -14.6153
2 0.00227054 10 -12.2356
2 0.0441437 10 -8.02683
2 0.0227931 10 -6.32005
2 0.000644325 10 -4.5292
Superpoint 
3 0.0213551 15 -36.0001
3 0.0413075 15 -31.1575
3 0.0184606 15 -30.5511
3 0.00272261 15 -26.8942
3 0.0298927 15 -24.8482
3 0.02257 15 -23.9513
3 0.0271783 15 -19.8284
3 0.0233874 15 -18.8806
3 0.0178622 15 -15.0873
3 0.00885546 15 -12.1296
3 0.0347563 15 -10.4667
3 0.0386118 15 -4.56536
3 0.00275643 15 -2.53849
3 0.0338622 15 -1.38057
3 0.0203082 15 -0.393909
3 0.0372757 15 0.161288
Superpoint 
4 0.0281846 20 -43.0001
4 0.0139072 20 -39.6463
4 0.0426059 20 -37.3143
4 0.0422604 20 -36.9332
4 0.0300896 20 -34.5884
4 0.00334036 20 -34.1793
4 0.00816774 20 -30.3962
4 0.0276076 20 -28.9372
4 0.0233458 20 -22.3178
4 0.00482298 20 -20.7579
4 0.0406554 20 -19.1668
4 0.00933946 20 -18.9576
4 0.0105081 20 -18.506
4 0.0117849 20 -13.7995
4 0.0145778 20 -7.88419
4 0.00475321 20 -7.36189
Superpoint 
5 0.0376712 25 -50.0001
5 0.0255257 25 -39.8366
5 0.0443288 25 -38.2227
5 0.0144329 25 -37.2747
5 0.0408174 25 -35.452
5 0.0207976 25 -33.2161
5 0.038112 25 -30.524
5 0.0128145 25 -29.007
5 0.0280713 25 -28.5596
5 0.0344159 25 -25.987
5 0.041809 25 -21.7791
5 0.0173302 25 -20.8228
5 0.00350396 25 -19.2292
5 0.0445251 25 -18.1842
5 0.00377972 25 -17.0298
5 0.0275266 25 -12.5635
['7.75751', '50.00010']
['22.00010', '50.00010']
['7.75751', '21.89656']
['22.00010', '17.14903']

['7.75751', '21.89656']
['22.00010', '17.14903']
['7.75751', '-3.39010']
['22.00010', '-8.13763']

['7.75751', '-2.07641']
['22.00010', '-2.07641']
['7.75751', '-28.14157']
['22.00010', '-32.88910']

['-2.68818', '50.00010']
['7.75751', '50.00010']
['-2.68818', '18.18873']
['7.75751', '14.70683']

['-2.68818', '18.18873']
['7.75751', '14.70683']
['-2.68818', '-8.88375']
['7.75751', '-12.36565']

['-2.68818', '-4.52977']
['7.75751', '-7.43493']
['-2.68818', '-39.83660']
['7.75751', '-39.83660']

['-2.68818', '-12.56350']
['7.75751', '-35.22669']
['-2.68818', '-50.00010']
['7.75751', '-50.00010']

['-8.51640', '50.00010']
['-2.68818', '49.61638']
['-8.51640', '12.93100']
['-2.68818', '10.98826']

['-8.51640', '12.93100']
['-2.68818', '10.98826']
['-8.51640', '-15.56053']
['-2.68818', '-17.50327']

['-8.51640', '-12.56350']
['-2.68818', '-12.56350']
['-8.51640', '-50.00010']
['-2.68818', '-50.00010']

['-20.45070', '21.01350']
['-8.51640', '18.34220']
['-20.45070', '-2.96291']
['-8.51640', '-6.94101']

['-20.45070', '4.85267']
['-8.51640', '2.09434']
['-20.45070', '-37.27470']
['-8.51640', '-37.27470']

['-20.45070', '-12.56350']
['-8.51640', '-12.56350']
['-20.45070', '-50.00010']
['-8.51640', '-50.00010']

['-22.00010', '-12.56350']
['-12.51050', '-12.56350']
['-22.00010', '-50.00010']
['-12.51050', '-50.00010']

